20 10 15 3 50 0
20 10 15 3 100 0
20 10 15 3 200 0
20 10 15 5 50 0
20 10 15 5 100 0
20 10 15 5 200 0
20 10 30 3 50 0
20 10 30 3 100 0
20 10 30 3 200 0
20 10 30 5 50 0
20 10 30 5 100 0
20 10 30 5 200 0
20 10 50 3 50 0
20 10 50 3 100 0
20 10 50 3 200 0
20 10 50 5 50 0
20 10 50 5 100 0
20 10 50 5 200 0
20 15 15 3 50 0
20 15 15 3 100 0
20 15 15 3 200 0
20 15 15 5 50 0
20 15 15 5 100 0
20 15 15 5 200 0
20 15 30 3 50 0
20 15 30 3 100 0
20 15 30 3 200 0
20 15 30 5 50 0
20 15 30 5 100 0
20 15 30 5 200 0
20 15 50 3 50 0
20 15 50 3 100 0
20 15 50 3 200 0
20 15 50 5 50 0
20 15 50 5 100 0
20 15 50 5 200 0
30 10 15 3 50 0
30 10 15 3 100 0
30 10 15 3 200 0
30 10 15 5 50 0
30 10 15 5 100 0
30 10 15 5 200 0
30 10 30 3 50 0
30 10 30 3 100 0
30 10 30 3 200 0
30 10 30 5 50 0
30 10 30 5 100 0
30 10 30 5 200 0
30 10 50 3 50 0
30 10 50 3 100 0
30 10 50 3 200 0
30 10 50 5 50 0
30 10 50 5 100 0
30 10 50 5 200 0
30 15 15 3 50 0
30 15 15 3 100 0
30 15 15 3 200 0
30 15 15 5 50 0
30 15 15 5 100 0
30 15 15 5 200 0
30 15 30 3 50 0
30 15 30 3 100 0
30 15 30 3 200 0
30 15 30 5 50 0
30 15 30 5 100 0
30 15 30 5 200 0
30 15 50 3 50 0
30 15 50 3 100 0
30 15 50 3 200 0
30 15 50 5 50 0
30 15 50 5 100 0
30 15 50 5 200 0
40 10 15 3 50 0
40 10 15 3 100 0
40 10 15 3 200 0
40 10 15 5 50 0
40 10 15 5 100 0
40 10 15 5 200 0
40 10 30 3 50 0
40 10 30 3 100 0
40 10 30 3 200 0
40 10 30 5 50 0
40 10 30 5 100 0
40 10 30 5 200 0
40 10 50 3 50 0
40 10 50 3 100 0
40 10 50 3 200 0
40 10 50 5 50 0
40 10 50 5 100 0
40 10 50 5 200 0
40 15 15 3 50 0
40 15 15 3 100 0
40 15 15 3 200 0
40 15 15 5 50 0
40 15 15 5 100 0
40 15 15 5 200 0
40 15 30 3 50 0
40 15 30 3 100 0
40 15 30 3 200 0
40 15 30 5 50 0
40 15 30 5 100 0
40 15 30 5 200 0
40 15 50 3 50 0
40 15 50 3 100 0
40 15 50 3 200 0
40 15 50 5 50 0
40 15 50 5 100 0
40 15 50 5 200 0
