20 50 500 0.01 0.5
20 50 500 0.01 1
20 50 500 0.001 0.5
20 50 500 0.001 1
20 50 500 0.0001 0.5
20 50 500 0.0001 1
20 50 1000 0.01 0.5
20 50 1000 0.01 1
20 50 1000 0.001 0.5
20 50 1000 0.001 1
20 50 1000 0.0001 0.5
20 50 1000 0.0001 1
20 50 2000 0.01 0.5
20 50 2000 0.01 1
20 50 2000 0.001 0.5
20 50 2000 0.001 1
20 50 2000 0.0001 0.5
20 50 2000 0.0001 1
20 100 500 0.01 0.5
20 100 500 0.01 1
20 100 500 0.001 0.5
20 100 500 0.001 1
20 100 500 0.0001 0.5
20 100 500 0.0001 1
20 100 1000 0.01 0.5
20 100 1000 0.01 1
20 100 1000 0.001 0.5
20 100 1000 0.001 1
20 100 1000 0.0001 0.5
20 100 1000 0.0001 1
20 100 2000 0.01 0.5
20 100 2000 0.01 1
20 100 2000 0.001 0.5
20 100 2000 0.001 1
20 100 2000 0.0001 0.5
20 100 2000 0.0001 1
20 200 500 0.01 0.5
20 200 500 0.01 1
20 200 500 0.001 0.5
20 200 500 0.001 1
20 200 500 0.0001 0.5
20 200 500 0.0001 1
20 200 1000 0.01 0.5
20 200 1000 0.01 1
20 200 1000 0.001 0.5
20 200 1000 0.001 1
20 200 1000 0.0001 0.5
20 200 1000 0.0001 1
20 200 2000 0.01 0.5
20 200 2000 0.01 1
20 200 2000 0.001 0.5
20 200 2000 0.001 1
20 200 2000 0.0001 0.5
20 200 2000 0.0001 1
40 50 500 0.01 0.5
40 50 500 0.01 1
40 50 500 0.001 0.5
40 50 500 0.001 1
40 50 500 0.0001 0.5
40 50 500 0.0001 1
40 50 1000 0.01 0.5
40 50 1000 0.01 1
40 50 1000 0.001 0.5
40 50 1000 0.001 1
40 50 1000 0.0001 0.5
40 50 1000 0.0001 1
40 50 2000 0.01 0.5
40 50 2000 0.01 1
40 50 2000 0.001 0.5
40 50 2000 0.001 1
40 50 2000 0.0001 0.5
40 50 2000 0.0001 1
40 100 500 0.01 0.5
40 100 500 0.01 1
40 100 500 0.001 0.5
40 100 500 0.001 1
40 100 500 0.0001 0.5
40 100 500 0.0001 1
40 100 1000 0.01 0.5
40 100 1000 0.01 1
40 100 1000 0.001 0.5
40 100 1000 0.001 1
40 100 1000 0.0001 0.5
40 100 1000 0.0001 1
40 100 2000 0.01 0.5
40 100 2000 0.01 1
40 100 2000 0.001 0.5
40 100 2000 0.001 1
40 100 2000 0.0001 0.5
40 100 2000 0.0001 1
40 200 500 0.01 0.5
40 200 500 0.01 1
40 200 500 0.001 0.5
40 200 500 0.001 1
40 200 500 0.0001 0.5
40 200 500 0.0001 1
40 200 1000 0.01 0.5
40 200 1000 0.01 1
40 200 1000 0.001 0.5
40 200 1000 0.001 1
40 200 1000 0.0001 0.5
40 200 1000 0.0001 1
40 200 2000 0.01 0.5
40 200 2000 0.01 1
40 200 2000 0.001 0.5
40 200 2000 0.001 1
40 200 2000 0.0001 0.5
40 200 2000 0.0001 1
60 50 500 0.01 0.5
60 50 500 0.01 1
60 50 500 0.001 0.5
60 50 500 0.001 1
60 50 500 0.0001 0.5
60 50 500 0.0001 1
60 50 1000 0.01 0.5
60 50 1000 0.01 1
60 50 1000 0.001 0.5
60 50 1000 0.001 1
60 50 1000 0.0001 0.5
60 50 1000 0.0001 1
60 50 2000 0.01 0.5
60 50 2000 0.01 1
60 50 2000 0.001 0.5
60 50 2000 0.001 1
60 50 2000 0.0001 0.5
60 50 2000 0.0001 1
60 100 500 0.01 0.5
60 100 500 0.01 1
60 100 500 0.001 0.5
60 100 500 0.001 1
60 100 500 0.0001 0.5
60 100 500 0.0001 1
60 100 1000 0.01 0.5
60 100 1000 0.01 1
60 100 1000 0.001 0.5
60 100 1000 0.001 1
60 100 1000 0.0001 0.5
60 100 1000 0.0001 1
60 100 2000 0.01 0.5
60 100 2000 0.01 1
60 100 2000 0.001 0.5
60 100 2000 0.001 1
60 100 2000 0.0001 0.5
60 100 2000 0.0001 1
60 200 500 0.01 0.5
60 200 500 0.01 1
60 200 500 0.001 0.5
60 200 500 0.001 1
60 200 500 0.0001 0.5
60 200 500 0.0001 1
60 200 1000 0.01 0.5
60 200 1000 0.01 1
60 200 1000 0.001 0.5
60 200 1000 0.001 1
60 200 1000 0.0001 0.5
60 200 1000 0.0001 1
60 200 2000 0.01 0.5
60 200 2000 0.01 1
60 200 2000 0.001 0.5
60 200 2000 0.001 1
60 200 2000 0.0001 0.5
60 200 2000 0.0001 1
