10 10 0.1 15 5 50 0.01
10 10 0.1 15 5 50 0.001
10 10 0.1 15 5 50 0.0001
10 10 0.1 15 5 100 0.01
10 10 0.1 15 5 100 0.001
10 10 0.1 15 5 100 0.0001
10 10 0.1 15 5 200 0.01
10 10 0.1 15 5 200 0.001
10 10 0.1 15 5 200 0.0001
10 10 0.1 15 7 50 0.01
10 10 0.1 15 7 50 0.001
10 10 0.1 15 7 50 0.0001
10 10 0.1 15 7 100 0.01
10 10 0.1 15 7 100 0.001
10 10 0.1 15 7 100 0.0001
10 10 0.1 15 7 200 0.01
10 10 0.1 15 7 200 0.001
10 10 0.1 15 7 200 0.0001
10 10 0.1 30 5 50 0.01
10 10 0.1 30 5 50 0.001
10 10 0.1 30 5 50 0.0001
10 10 0.1 30 5 100 0.01
10 10 0.1 30 5 100 0.001
10 10 0.1 30 5 100 0.0001
10 10 0.1 30 5 200 0.01
10 10 0.1 30 5 200 0.001
10 10 0.1 30 5 200 0.0001
10 10 0.1 30 7 50 0.01
10 10 0.1 30 7 50 0.001
10 10 0.1 30 7 50 0.0001
10 10 0.1 30 7 100 0.01
10 10 0.1 30 7 100 0.001
10 10 0.1 30 7 100 0.0001
10 10 0.1 30 7 200 0.01
10 10 0.1 30 7 200 0.001
10 10 0.1 30 7 200 0.0001
10 10 0.2 15 5 50 0.01
10 10 0.2 15 5 50 0.001
10 10 0.2 15 5 50 0.0001
10 10 0.2 15 5 100 0.01
10 10 0.2 15 5 100 0.001
10 10 0.2 15 5 100 0.0001
10 10 0.2 15 5 200 0.01
10 10 0.2 15 5 200 0.001
10 10 0.2 15 5 200 0.0001
10 10 0.2 15 7 50 0.01
10 10 0.2 15 7 50 0.001
10 10 0.2 15 7 50 0.0001
10 10 0.2 15 7 100 0.01
10 10 0.2 15 7 100 0.001
10 10 0.2 15 7 100 0.0001
10 10 0.2 15 7 200 0.01
10 10 0.2 15 7 200 0.001
10 10 0.2 15 7 200 0.0001
10 10 0.2 30 5 50 0.01
10 10 0.2 30 5 50 0.001
10 10 0.2 30 5 50 0.0001
10 10 0.2 30 5 100 0.01
10 10 0.2 30 5 100 0.001
10 10 0.2 30 5 100 0.0001
10 10 0.2 30 5 200 0.01
10 10 0.2 30 5 200 0.001
10 10 0.2 30 5 200 0.0001
10 10 0.2 30 7 50 0.01
10 10 0.2 30 7 50 0.001
10 10 0.2 30 7 50 0.0001
10 10 0.2 30 7 100 0.01
10 10 0.2 30 7 100 0.001
10 10 0.2 30 7 100 0.0001
10 10 0.2 30 7 200 0.01
10 10 0.2 30 7 200 0.001
10 10 0.2 30 7 200 0.0001
10 15 0.1 15 5 50 0.01
10 15 0.1 15 5 50 0.001
10 15 0.1 15 5 50 0.0001
10 15 0.1 15 5 100 0.01
10 15 0.1 15 5 100 0.001
10 15 0.1 15 5 100 0.0001
10 15 0.1 15 5 200 0.01
10 15 0.1 15 5 200 0.001
10 15 0.1 15 5 200 0.0001
10 15 0.1 15 7 50 0.01
10 15 0.1 15 7 50 0.001
10 15 0.1 15 7 50 0.0001
10 15 0.1 15 7 100 0.01
10 15 0.1 15 7 100 0.001
10 15 0.1 15 7 100 0.0001
10 15 0.1 15 7 200 0.01
10 15 0.1 15 7 200 0.001
10 15 0.1 15 7 200 0.0001
10 15 0.1 30 5 50 0.01
10 15 0.1 30 5 50 0.001
10 15 0.1 30 5 50 0.0001
10 15 0.1 30 5 100 0.01
10 15 0.1 30 5 100 0.001
10 15 0.1 30 5 100 0.0001
10 15 0.1 30 5 200 0.01
10 15 0.1 30 5 200 0.001
10 15 0.1 30 5 200 0.0001
10 15 0.1 30 7 50 0.01
10 15 0.1 30 7 50 0.001
10 15 0.1 30 7 50 0.0001
10 15 0.1 30 7 100 0.01
10 15 0.1 30 7 100 0.001
10 15 0.1 30 7 100 0.0001
10 15 0.1 30 7 200 0.01
10 15 0.1 30 7 200 0.001
10 15 0.1 30 7 200 0.0001
10 15 0.2 15 5 50 0.01
10 15 0.2 15 5 50 0.001
10 15 0.2 15 5 50 0.0001
10 15 0.2 15 5 100 0.01
10 15 0.2 15 5 100 0.001
10 15 0.2 15 5 100 0.0001
10 15 0.2 15 5 200 0.01
10 15 0.2 15 5 200 0.001
10 15 0.2 15 5 200 0.0001
10 15 0.2 15 7 50 0.01
10 15 0.2 15 7 50 0.001
10 15 0.2 15 7 50 0.0001
10 15 0.2 15 7 100 0.01
10 15 0.2 15 7 100 0.001
10 15 0.2 15 7 100 0.0001
10 15 0.2 15 7 200 0.01
10 15 0.2 15 7 200 0.001
10 15 0.2 15 7 200 0.0001
10 15 0.2 30 5 50 0.01
10 15 0.2 30 5 50 0.001
10 15 0.2 30 5 50 0.0001
10 15 0.2 30 5 100 0.01
10 15 0.2 30 5 100 0.001
10 15 0.2 30 5 100 0.0001
10 15 0.2 30 5 200 0.01
10 15 0.2 30 5 200 0.001
10 15 0.2 30 5 200 0.0001
10 15 0.2 30 7 50 0.01
10 15 0.2 30 7 50 0.001
10 15 0.2 30 7 50 0.0001
10 15 0.2 30 7 100 0.01
10 15 0.2 30 7 100 0.001
10 15 0.2 30 7 100 0.0001
10 15 0.2 30 7 200 0.01
10 15 0.2 30 7 200 0.001
10 15 0.2 30 7 200 0.0001
20 10 0.1 15 5 50 0.01
20 10 0.1 15 5 50 0.001
20 10 0.1 15 5 50 0.0001
20 10 0.1 15 5 100 0.01
20 10 0.1 15 5 100 0.001
20 10 0.1 15 5 100 0.0001
20 10 0.1 15 5 200 0.01
20 10 0.1 15 5 200 0.001
20 10 0.1 15 5 200 0.0001
20 10 0.1 15 7 50 0.01
20 10 0.1 15 7 50 0.001
20 10 0.1 15 7 50 0.0001
20 10 0.1 15 7 100 0.01
20 10 0.1 15 7 100 0.001
20 10 0.1 15 7 100 0.0001
20 10 0.1 15 7 200 0.01
20 10 0.1 15 7 200 0.001
20 10 0.1 15 7 200 0.0001
20 10 0.1 30 5 50 0.01
20 10 0.1 30 5 50 0.001
20 10 0.1 30 5 50 0.0001
20 10 0.1 30 5 100 0.01
20 10 0.1 30 5 100 0.001
20 10 0.1 30 5 100 0.0001
20 10 0.1 30 5 200 0.01
20 10 0.1 30 5 200 0.001
20 10 0.1 30 5 200 0.0001
20 10 0.1 30 7 50 0.01
20 10 0.1 30 7 50 0.001
20 10 0.1 30 7 50 0.0001
20 10 0.1 30 7 100 0.01
20 10 0.1 30 7 100 0.001
20 10 0.1 30 7 100 0.0001
20 10 0.1 30 7 200 0.01
20 10 0.1 30 7 200 0.001
20 10 0.1 30 7 200 0.0001
20 10 0.2 15 5 50 0.01
20 10 0.2 15 5 50 0.001
20 10 0.2 15 5 50 0.0001
20 10 0.2 15 5 100 0.01
20 10 0.2 15 5 100 0.001
20 10 0.2 15 5 100 0.0001
20 10 0.2 15 5 200 0.01
20 10 0.2 15 5 200 0.001
20 10 0.2 15 5 200 0.0001
20 10 0.2 15 7 50 0.01
20 10 0.2 15 7 50 0.001
20 10 0.2 15 7 50 0.0001
20 10 0.2 15 7 100 0.01
20 10 0.2 15 7 100 0.001
20 10 0.2 15 7 100 0.0001
20 10 0.2 15 7 200 0.01
20 10 0.2 15 7 200 0.001
20 10 0.2 15 7 200 0.0001
20 10 0.2 30 5 50 0.01
20 10 0.2 30 5 50 0.001
20 10 0.2 30 5 50 0.0001
20 10 0.2 30 5 100 0.01
20 10 0.2 30 5 100 0.001
20 10 0.2 30 5 100 0.0001
20 10 0.2 30 5 200 0.01
20 10 0.2 30 5 200 0.001
20 10 0.2 30 5 200 0.0001
20 10 0.2 30 7 50 0.01
20 10 0.2 30 7 50 0.001
20 10 0.2 30 7 50 0.0001
20 10 0.2 30 7 100 0.01
20 10 0.2 30 7 100 0.001
20 10 0.2 30 7 100 0.0001
20 10 0.2 30 7 200 0.01
20 10 0.2 30 7 200 0.001
20 10 0.2 30 7 200 0.0001
20 15 0.1 15 5 50 0.01
20 15 0.1 15 5 50 0.001
20 15 0.1 15 5 50 0.0001
20 15 0.1 15 5 100 0.01
20 15 0.1 15 5 100 0.001
20 15 0.1 15 5 100 0.0001
20 15 0.1 15 5 200 0.01
20 15 0.1 15 5 200 0.001
20 15 0.1 15 5 200 0.0001
20 15 0.1 15 7 50 0.01
20 15 0.1 15 7 50 0.001
20 15 0.1 15 7 50 0.0001
20 15 0.1 15 7 100 0.01
20 15 0.1 15 7 100 0.001
20 15 0.1 15 7 100 0.0001
20 15 0.1 15 7 200 0.01
20 15 0.1 15 7 200 0.001
20 15 0.1 15 7 200 0.0001
20 15 0.1 30 5 50 0.01
20 15 0.1 30 5 50 0.001
20 15 0.1 30 5 50 0.0001
20 15 0.1 30 5 100 0.01
20 15 0.1 30 5 100 0.001
20 15 0.1 30 5 100 0.0001
20 15 0.1 30 5 200 0.01
20 15 0.1 30 5 200 0.001
20 15 0.1 30 5 200 0.0001
20 15 0.1 30 7 50 0.01
20 15 0.1 30 7 50 0.001
20 15 0.1 30 7 50 0.0001
20 15 0.1 30 7 100 0.01
20 15 0.1 30 7 100 0.001
20 15 0.1 30 7 100 0.0001
20 15 0.1 30 7 200 0.01
20 15 0.1 30 7 200 0.001
20 15 0.1 30 7 200 0.0001
20 15 0.2 15 5 50 0.01
20 15 0.2 15 5 50 0.001
20 15 0.2 15 5 50 0.0001
20 15 0.2 15 5 100 0.01
20 15 0.2 15 5 100 0.001
20 15 0.2 15 5 100 0.0001
20 15 0.2 15 5 200 0.01
20 15 0.2 15 5 200 0.001
20 15 0.2 15 5 200 0.0001
20 15 0.2 15 7 50 0.01
20 15 0.2 15 7 50 0.001
20 15 0.2 15 7 50 0.0001
20 15 0.2 15 7 100 0.01
20 15 0.2 15 7 100 0.001
20 15 0.2 15 7 100 0.0001
20 15 0.2 15 7 200 0.01
20 15 0.2 15 7 200 0.001
20 15 0.2 15 7 200 0.0001
20 15 0.2 30 5 50 0.01
20 15 0.2 30 5 50 0.001
20 15 0.2 30 5 50 0.0001
20 15 0.2 30 5 100 0.01
20 15 0.2 30 5 100 0.001
20 15 0.2 30 5 100 0.0001
20 15 0.2 30 5 200 0.01
20 15 0.2 30 5 200 0.001
20 15 0.2 30 5 200 0.0001
20 15 0.2 30 7 50 0.01
20 15 0.2 30 7 50 0.001
20 15 0.2 30 7 50 0.0001
20 15 0.2 30 7 100 0.01
20 15 0.2 30 7 100 0.001
20 15 0.2 30 7 100 0.0001
20 15 0.2 30 7 200 0.01
20 15 0.2 30 7 200 0.001
20 15 0.2 30 7 200 0.0001
30 10 0.1 15 5 50 0.01
30 10 0.1 15 5 50 0.001
30 10 0.1 15 5 50 0.0001
30 10 0.1 15 5 100 0.01
30 10 0.1 15 5 100 0.001
30 10 0.1 15 5 100 0.0001
30 10 0.1 15 5 200 0.01
30 10 0.1 15 5 200 0.001
30 10 0.1 15 5 200 0.0001
30 10 0.1 15 7 50 0.01
30 10 0.1 15 7 50 0.001
30 10 0.1 15 7 50 0.0001
30 10 0.1 15 7 100 0.01
30 10 0.1 15 7 100 0.001
30 10 0.1 15 7 100 0.0001
30 10 0.1 15 7 200 0.01
30 10 0.1 15 7 200 0.001
30 10 0.1 15 7 200 0.0001
30 10 0.1 30 5 50 0.01
30 10 0.1 30 5 50 0.001
30 10 0.1 30 5 50 0.0001
30 10 0.1 30 5 100 0.01
30 10 0.1 30 5 100 0.001
30 10 0.1 30 5 100 0.0001
30 10 0.1 30 5 200 0.01
30 10 0.1 30 5 200 0.001
30 10 0.1 30 5 200 0.0001
30 10 0.1 30 7 50 0.01
30 10 0.1 30 7 50 0.001
30 10 0.1 30 7 50 0.0001
30 10 0.1 30 7 100 0.01
30 10 0.1 30 7 100 0.001
30 10 0.1 30 7 100 0.0001
30 10 0.1 30 7 200 0.01
30 10 0.1 30 7 200 0.001
30 10 0.1 30 7 200 0.0001
30 10 0.2 15 5 50 0.01
30 10 0.2 15 5 50 0.001
30 10 0.2 15 5 50 0.0001
30 10 0.2 15 5 100 0.01
30 10 0.2 15 5 100 0.001
30 10 0.2 15 5 100 0.0001
30 10 0.2 15 5 200 0.01
30 10 0.2 15 5 200 0.001
30 10 0.2 15 5 200 0.0001
30 10 0.2 15 7 50 0.01
30 10 0.2 15 7 50 0.001
30 10 0.2 15 7 50 0.0001
30 10 0.2 15 7 100 0.01
30 10 0.2 15 7 100 0.001
30 10 0.2 15 7 100 0.0001
30 10 0.2 15 7 200 0.01
30 10 0.2 15 7 200 0.001
30 10 0.2 15 7 200 0.0001
30 10 0.2 30 5 50 0.01
30 10 0.2 30 5 50 0.001
30 10 0.2 30 5 50 0.0001
30 10 0.2 30 5 100 0.01
30 10 0.2 30 5 100 0.001
30 10 0.2 30 5 100 0.0001
30 10 0.2 30 5 200 0.01
30 10 0.2 30 5 200 0.001
30 10 0.2 30 5 200 0.0001
30 10 0.2 30 7 50 0.01
30 10 0.2 30 7 50 0.001
30 10 0.2 30 7 50 0.0001
30 10 0.2 30 7 100 0.01
30 10 0.2 30 7 100 0.001
30 10 0.2 30 7 100 0.0001
30 10 0.2 30 7 200 0.01
30 10 0.2 30 7 200 0.001
30 10 0.2 30 7 200 0.0001
30 15 0.1 15 5 50 0.01
30 15 0.1 15 5 50 0.001
30 15 0.1 15 5 50 0.0001
30 15 0.1 15 5 100 0.01
30 15 0.1 15 5 100 0.001
30 15 0.1 15 5 100 0.0001
30 15 0.1 15 5 200 0.01
30 15 0.1 15 5 200 0.001
30 15 0.1 15 5 200 0.0001
30 15 0.1 15 7 50 0.01
30 15 0.1 15 7 50 0.001
30 15 0.1 15 7 50 0.0001
30 15 0.1 15 7 100 0.01
30 15 0.1 15 7 100 0.001
30 15 0.1 15 7 100 0.0001
30 15 0.1 15 7 200 0.01
30 15 0.1 15 7 200 0.001
30 15 0.1 15 7 200 0.0001
30 15 0.1 30 5 50 0.01
30 15 0.1 30 5 50 0.001
30 15 0.1 30 5 50 0.0001
30 15 0.1 30 5 100 0.01
30 15 0.1 30 5 100 0.001
30 15 0.1 30 5 100 0.0001
30 15 0.1 30 5 200 0.01
30 15 0.1 30 5 200 0.001
30 15 0.1 30 5 200 0.0001
30 15 0.1 30 7 50 0.01
30 15 0.1 30 7 50 0.001
30 15 0.1 30 7 50 0.0001
30 15 0.1 30 7 100 0.01
30 15 0.1 30 7 100 0.001
30 15 0.1 30 7 100 0.0001
30 15 0.1 30 7 200 0.01
30 15 0.1 30 7 200 0.001
30 15 0.1 30 7 200 0.0001
30 15 0.2 15 5 50 0.01
30 15 0.2 15 5 50 0.001
30 15 0.2 15 5 50 0.0001
30 15 0.2 15 5 100 0.01
30 15 0.2 15 5 100 0.001
30 15 0.2 15 5 100 0.0001
30 15 0.2 15 5 200 0.01
30 15 0.2 15 5 200 0.001
30 15 0.2 15 5 200 0.0001
30 15 0.2 15 7 50 0.01
30 15 0.2 15 7 50 0.001
30 15 0.2 15 7 50 0.0001
30 15 0.2 15 7 100 0.01
30 15 0.2 15 7 100 0.001
30 15 0.2 15 7 100 0.0001
30 15 0.2 15 7 200 0.01
30 15 0.2 15 7 200 0.001
30 15 0.2 15 7 200 0.0001
30 15 0.2 30 5 50 0.01
30 15 0.2 30 5 50 0.001
30 15 0.2 30 5 50 0.0001
30 15 0.2 30 5 100 0.01
30 15 0.2 30 5 100 0.001
30 15 0.2 30 5 100 0.0001
30 15 0.2 30 5 200 0.01
30 15 0.2 30 5 200 0.001
30 15 0.2 30 5 200 0.0001
30 15 0.2 30 7 50 0.01
30 15 0.2 30 7 50 0.001
30 15 0.2 30 7 50 0.0001
30 15 0.2 30 7 100 0.01
30 15 0.2 30 7 100 0.001
30 15 0.2 30 7 100 0.0001
30 15 0.2 30 7 200 0.01
30 15 0.2 30 7 200 0.001
30 15 0.2 30 7 200 0.0001
